(29, 101, 0)
(90, 27, 270)
(202, 56, 270)
(79, 196, 90)
(5, 112, 0)
(168, 81, 180)
(111, 78, 180)
(284, 137, 180)
(44, 163, 0)
(82, 56, 90)
(37, 160, 180)
(83, 79, 90)
(285, 92, 180)
(103, 19, 90)
(33, 16, 270)
(150, 6, 90)
(58, 27, 0)
(81, 53, 180)
(79, 16, 270)
(3, 167, 90)
(15, 24, 90)
(35, 24, 90)
(70, 20, 270)
(98, 14, 90)
(56, 33, 180)
(93, 18, 0)
(39, 8, 180)
(12, 9, 180)
(87, 9, 90)
(3, 13, 0)
(4, 6, 0)
(113, 5, 90)
(89, 25, 0)
(6, 39, 90)
(70, 11, 90)
(30, 43, 270)
(8, 44, 270)
(28, 34, 90)
(2, 27, 0)
(109, 41, 90)
(37, 42, 270)
(28, 50, 90)
(119, 48, 90)
(23, 107, 180)
(79, 226, 270)
(60, 167, 90)
(4, 103, 180)
(114, 148, 90)
(116, 39, 90)
(125, 134, 90)
(48, 175, 0)
(5, 34, 270)
(96, 112, 270)
(127, 13, 180)
(13, 144, 0)
(146, 174, 0)
(12, 45, 180)
(203, 17, 90)
(49, 45, 180)
(29, 18, 180)
(6, 14, 90)
(49, 36, 90)
(68, 61, 270)
(30, 24, 0)
(46, 104, 0)
(66, 8, 0)
(14, 81, 180)
(29, 19, 180)
(12, 48, 270)
(49, 16, 0)
(29, 40, 270)
(21, 51, 180)
(10, 37, 0)
(9, 41, 270)
(70, 9, 90)
(55, 33, 270)
(27, 13, 270)
(18, 70, 270)
(3, 33, 180)
(47, 23, 90)
(2, 62, 90)
(94, 92, 90)
(29, 65, 0)
(74, 24, 270)
(135, 109, 270)
(17, 17, 270)
(67, 98, 180)
(15, 155, 180)
(49, 14, 90)
(115, 89, 0)
(24, 44, 90)
(8, 7, 270)
(48, 22, 0)
(119, 104, 0)
(120, 57, 270)
(36, 62, 270)
(13, 22, 270)
(61, 61, 180)
(122, 68, 90)
(79, 22, 0)
(5, 91, 180)
(112, 241, 90)
(69, 2, 270)
(51, 29, 90)
(69, 33, 180)
(82, 66, 180)
(7, 24, 90)
(69, 102, 90)
(22, 244, 270)
(5, 75, 0)
(42, 10, 90)
(89, 103, 0)
(132, 13, 270)
(29, 65, 180)
(90, 144, 0)
(16, 159, 0)
(63, 42, 270)
(14, 174, 270)
(7, 177, 0)
(39, 25, 270)
(93, 6, 0)
(57, 8, 270)
(119, 12, 270)
(245, 23, 180)
(70, 7, 270)
(76, 7, 0)
(129, 15, 180)
(156, 4, 270)
(47, 27, 270)
(34, 8, 0)
(119, 5, 270)
(45, 14, 90)
(96, 25, 90)
(210, 8, 0)
(192, 4, 90)
(227, 13, 90)
(18, 3, 90)
(109, 10, 90)
(22, 14, 270)
(176, 28, 270)
(25, 9, 90)
(15, 139, 270)
(52, 12, 90)
(63, 95, 90)
(33, 128, 90)
(57, 24, 270)
(10, 22, 180)
(21, 50, 0)
(26, 34, 180)
(43, 26, 0)
(28, 118, 270)
(4, 34, 0)
(64, 64, 90)
(34, 27, 0)
(39, 89, 90)
(60, 4, 270)
(16, 43, 0)
(41, 130, 270)
(24, 23, 180)
(7, 31, 0)
(32, 17, 270)
(100, 248, 0)
(98, 10, 90)
(80, 137, 0)
(179, 200, 180)
(53, 191, 180)
(25, 79, 0)
(18, 289, 270)
(52, 53, 90)
(21, 275, 90)
(60, 69, 270)
(137, 20, 180)
(86, 14, 270)
(170, 13, 90)
(110, 189, 0)
(95, 166, 0)
(122, 64, 270)
(21, 213, 270)
(6, 180, 90)
(188, 164, 180)
(33, 11, 270)
(106, 40, 0)
(16, 3, 0)
(35, 9, 0)
(34, 30, 180)
(78, 31, 180)
(26, 8, 90)
(129, 39, 0)
(29, 21, 0)
(65, 13, 0)
(67, 34, 0)
(113, 33, 0)
(2, 19, 0)
(6, 2, 180)
(2, 14, 180)
(96, 22, 180)
(104, 28, 180)
(44, 18, 0)
(25, 2, 90)
(6, 45, 0)
(28, 162, 180)
(24, 87, 0)
(86, 62, 270)
(53, 99, 0)
(22, 138, 270)
(103, 175, 270)
(54, 163, 270)
(12, 36, 0)
(121, 134, 0)
(50, 35, 180)
(92, 113, 0)
(39, 88, 180)
(154, 51, 270)
(47, 20, 270)
(98, 20, 90)
(194, 75, 0)
(161, 198, 180)
(67, 58, 90)
(49, 18, 180)
(30, 58, 0)
(24, 105, 270)
(47, 74, 270)
(16, 119, 270)
(65, 51, 270)
(4, 52, 0)
(105, 98, 0)
(140, 112, 0)
(14, 42, 90)
(58, 8, 90)
(56, 11, 270)
(16, 15, 0)
(70, 130, 180)
(13, 20, 180)
(43, 20, 0)
(124, 58, 270)
(80, 87, 180)
(82, 10, 270)
(65, 104, 90)
(89, 26, 0)
(22, 66, 270)
(39, 29, 90)
(8, 70, 180)
(55, 128, 180)
(47, 130, 0)
(126, 6, 90)
(65, 81, 0)
(61, 142, 0)
(46, 33, 270)
(23, 83, 270)
(77, 37, 270)
(59, 26, 180)
(113, 6, 0)
(22, 71, 270)
(128, 106, 180)
(105, 35, 0)
(71, 66, 90)
(5, 105, 270)
(43, 21, 270)
(10, 62, 0)
(86, 44, 180)
(48, 7, 90)
(11, 198, 180)
(9, 73, 270)
(68, 63, 180)
(71, 249, 180)
(2, 2, 270)
(26, 87, 0)
(61, 341, 0)
(51, 132, 0)
(72, 117, 90)
(18, 191, 0)
(68, 161, 180)
(23, 151, 0)
(91, 190, 0)
(17, 207, 180)
(8, 289, 180)
(73, 267, 90)
(18, 242, 180)
(30, 136, 90)
(21, 116, 0)
(175, 27, 270)
(118, 19, 0)
(165, 37, 270)
(6, 51, 90)
(110, 66, 0)
(71, 3, 90)
(68, 85, 270)
(40, 43, 180)
(127, 4, 270)
(103, 22, 0)
(25, 22, 90)
(137, 48, 0)
(41, 65, 270)
(57, 15, 90)
(115, 88, 180)
(63, 82, 180)
(40, 31, 180)
(12, 70, 90)
(5, 85, 0)
(78, 21, 180)
(226, 58, 270)
(58, 124, 270)
(31, 57, 270)
(23, 7, 180)
(302, 87, 0)
(62, 30, 0)
(18, 88, 180)
(37, 74, 180)
(22, 28, 270)
(201, 82, 180)
(200, 53, 270)
(127, 91, 90)
(119, 30, 0)
(161, 42, 180)
(228, 2, 0)
(16, 107, 0)
(232, 44, 90)
(65, 90, 270)
(22, 33, 270)
(12, 104, 180)
(132, 31, 0)
(49, 21, 270)
(24, 46, 0)
(162, 42, 0)
(99, 36, 180)
(96, 9, 90)
(19, 48, 180)
(137, 68, 0)
(83, 14, 180)
(97, 71, 90)
(62, 3, 90)
(48, 14, 90)
(75, 50, 180)
(24, 10, 270)
(44, 41, 270)
(171, 35, 180)
(176, 23, 270)
(102, 35, 90)
(75, 35, 180)
(58, 27, 180)
(106, 92, 0)
(183, 17, 180)
(158, 46, 90)
(78, 52, 90)
(89, 38, 270)
(141, 41, 270)
(99, 38, 0)
(250, 93, 180)
(11, 16, 90)
(75, 134, 0)
(49, 92, 180)
(97, 130, 90)
(8, 101, 90)
(225, 13, 270)
(34, 54, 90)
(78, 88, 0)
(204, 87, 0)
(239, 21, 0)
(244, 91, 90)
(77, 95, 270)
(10, 2, 0)
(10, 164, 180)
(26, 250, 0)
(20, 74, 180)
(10, 156, 90)
(18, 69, 270)
(39, 176, 0)
(17, 67, 90)
(6, 255, 90)
(5, 81, 90)
(14, 151, 0)
(8, 195, 0)
(12, 3, 0)
(24, 96, 0)
(16, 77, 0)
(4, 45, 270)
(14, 2, 90)
(4, 46, 0)
(11, 131, 90)
(5, 168, 90)
(82, 32, 270)
(15, 89, 90)
(121, 76, 90)
(52, 38, 90)
(49, 30, 270)
(61, 298, 180)
(4, 25, 180)
(64, 111, 0)
(98, 97, 270)
(173, 283, 0)
(79, 253, 270)
(23, 58, 180)
(83, 85, 180)
(98, 129, 0)
(132, 217, 0)
(76, 205, 0)
(125, 288, 90)
(79, 69, 90)
(49, 3, 180)
(65, 190, 90)
(18, 160, 0)
(156, 114, 180)
(27, 32, 180)
(115, 60, 270)
(90, 141, 90)
(7, 111, 270)
(112, 84, 90)
(242, 199, 90)
(20, 26, 0)
(219, 116, 180)
(240, 157, 0)
(103, 145, 180)
(28, 9, 180)
(31, 25, 180)
(42, 162, 270)
(102, 205, 180)
(11, 72, 270)
(66, 35, 90)
(24, 262, 0)
(11, 190, 90)
(27, 63, 180)
(79, 86, 270)
(37, 49, 0)
(21, 30, 180)
(120, 75, 0)
(52, 106, 180)
(75, 23, 0)
(3, 21, 90)
(97, 112, 270)
(16, 118, 0)
(17, 22, 180)
(29, 14, 180)
(9, 77, 270)
(36, 45, 90)
(3, 73, 180)
(62, 16, 0)
(4, 25, 0)
(108, 59, 180)
(77, 88, 270)
(68, 27, 0)
(9, 59, 270)
(74, 21, 0)
(10, 20, 90)
(91, 109, 180)
(5, 69, 90)
(11, 4, 0)
(36, 87, 180)
(26, 12, 270)
(110, 44, 90)
(52, 95, 0)
(14, 77, 180)
(10, 17, 0)
(42, 35, 90)
(85, 25, 0)
(108, 75, 270)
(37, 4, 0)
(123, 19, 90)
(97, 33, 270)
(2, 27, 90)
(60, 2, 180)
(28, 71, 270)
(60, 69, 0)
(17, 94, 270)
(27, 44, 90)
(8, 75, 180)
(4, 15, 270)
(44, 14, 0)
(70, 56, 180)
(41, 14, 180)
(39, 26, 0)
(45, 99, 90)
(19, 13, 0)
(57, 35, 270)
(58, 42, 270)
(7, 17, 0)
(5, 32, 0)
(75, 46, 0)
(58, 88, 0)
(57, 81, 270)
(19, 21, 270)
(155, 108, 0)
(120, 253, 270)
(33, 174, 180)
(166, 170, 0)
(118, 177, 90)
(227, 317, 270)
(69, 93, 0)
(145, 94, 90)
(131, 36, 0)
(22, 167, 270)
(18, 30, 0)
(18, 159, 90)
(95, 157, 0)
(149, 333, 0)
(184, 4, 0)
(29, 8, 270)
(128, 109, 180)
(195, 167, 0)
(72, 114, 270)
(45, 98, 180)
(7, 5, 180)
(41, 8, 0)
(155, 32, 180)
(80, 10, 180)
(99, 24, 180)
(113, 16, 90)
(95, 29, 180)
(70, 53, 90)
(44, 14, 0)
(5, 2, 270)
(43, 44, 0)
(3, 36, 0)
(13, 25, 90)
(90, 60, 270)
(110, 11, 90)
(33, 5, 90)
(31, 8, 0)
(40, 26, 0)
(51, 47, 0)
(76, 45, 270)
(177, 65, 180)
(142, 71, 0)
(106, 49, 270)
(138, 118, 0)
(54, 99, 90)
(45, 22, 90)
(142, 39, 90)
(165, 76, 90)
(39, 6, 0)
(125, 132, 0)
(80, 185, 0)
(221, 161, 0)
(44, 138, 90)
(155, 256, 0)
(126, 56, 0)
(60, 166, 0)
(208, 181, 180)
(277, 74, 0)
(344, 285, 0)
(169, 165, 0)
(23, 3, 0)
(34, 49, 0)
(54, 56, 90)
(25, 104, 90)
(9, 38, 90)
(36, 33, 0)
(16, 31, 270)
(48, 61, 90)
(7, 38, 0)
(19, 8, 90)
(32, 14, 0)
(38, 19, 90)
(5, 58, 0)
(46, 93, 90)
(13, 40, 270)
(22, 19, 270)
(23, 87, 180)
(32, 17, 180)
(23, 97, 0)
(46, 36, 0)
(53, 43, 270)
(117, 18, 180)
(95, 50, 270)
(97, 13, 180)
(86, 10, 0)
(52, 3, 0)
(68, 61, 270)
(78, 98, 90)
(33, 29, 0)
(78, 25, 90)
(180, 64, 90)
(150, 26, 270)
(126, 72, 270)
(179, 77, 90)
(83, 51, 180)
(120, 80, 0)
(188, 10, 180)
(28, 39, 180)
(106, 87, 180)
(38, 56, 0)
(26, 13, 0)
(162, 130, 270)
(143, 120, 180)
(91, 81, 270)
(72, 104, 90)
(97, 211, 90)
(116, 125, 0)
(29, 30, 180)
(16, 43, 0)
(14, 33, 270)
(58, 147, 0)
(23, 157, 180)
(135, 32, 0)
(178, 3, 0)
(90, 61, 180)
(187, 82, 270)
(47, 119, 90)
(22, 141, 180)
(54, 42, 180)
(163, 3, 180)
